0.000000000000000000e+00
1.000000000000000021e-02
1.990000000000000102e-02
2.970100000000000171e-02
3.940398999999999985e-02
4.900995009999999791e-02
5.851985059900000063e-02
6.793465209301000063e-02
7.725530557207990756e-02
8.648275251635910432e-02
9.561792499119550759e-02
1.046617457412835489e-01
1.136151282838707144e-01
1.224789770010320106e-01
1.312541872310216962e-01
1.399416453587114806e-01
1.485422289051243627e-01
1.570568066160731302e-01
1.654862385499124011e-01
1.738313761644132704e-01
1.820930624027691236e-01
1.902721317787414435e-01
1.983694104609540210e-01
2.063857163563444785e-01
2.143218591927810446e-01
2.221786406008532389e-01
2.299568541948447120e-01
2.376572856528962607e-01
2.452807127963672895e-01
2.528279056684036297e-01
2.602996266117195701e-01
2.676966303456023710e-01
2.750196640421463390e-01
2.822694674017248717e-01
2.894467727277076352e-01
2.965523050004305605e-01
3.035867819504262655e-01
3.105509141309220067e-01
3.174454049896127672e-01
3.242709509397166401e-01
3.310282414303194476e-01
3.377179590160162559e-01
3.443407794258561139e-01
3.508973716315975655e-01
3.573883979152815971e-01
3.638145139361287916e-01
3.701763687967675187e-01
3.764746051087998202e-01
3.827098590577118209e-01
3.888827604671347138e-01
3.949939328624633705e-01
4.010439935338387385e-01
4.070335535985003528e-01
4.129632180625153470e-01
4.188335858818901802e-01
4.246452500230712968e-01
4.303987975228406038e-01
4.360948095476122055e-01
4.417338614521360562e-01
4.473165228376146940e-01
4.528433576092385504e-01
4.583149240331461649e-01
4.637317747928146883e-01
4.690944570448865591e-01
4.744035124744376830e-01
4.796594773496933306e-01
4.848628825761964189e-01
4.900142537504344475e-01
4.951141112129300859e-01
5.001629701008007967e-01
5.051613403997927687e-01
5.101097269957948210e-01
5.150086297258368306e-01
5.198585434285785123e-01
5.246599579942927694e-01
5.294133584143498883e-01
5.341192248302063517e-01
5.387780325819042648e-01
5.433902522560851711e-01
5.479563497335243616e-01
5.524767862361891213e-01
5.569520183738272401e-01
5.613824981900890077e-01
5.657686732081881331e-01
5.701109864761062518e-01
5.744098766113452381e-01
5.786657778452317658e-01
5.828791200667794437e-01
5.870503288661116370e-01
5.911798255774505240e-01
5.952680273216760520e-01
5.993153470484593459e-01
6.033221935779747858e-01
6.072889716421950856e-01
6.112160819257731470e-01
6.151039211065154610e-01
6.189528818954502798e-01
6.227633530764957737e-01
6.265357195457308404e-01
6.302703623502735608e-01
6.339676587267708552e-01
6.376279821395031133e-01
6.412517023181081299e-01
6.448391852949270087e-01
6.483907934419776975e-01
6.519068855075579316e-01
6.553878166524823579e-01
6.588339384859575043e-01
6.622455991010979259e-01
6.656231431100869678e-01
6.689669116789861425e-01
6.722772425621962311e-01
6.755544701365742144e-01
6.787989254352084778e-01
6.820109361808563975e-01
6.851908268190478601e-01
6.883389185508573815e-01
6.914555293653488199e-01
6.945409740716953495e-01
6.975955643309783571e-01
7.006196086876685936e-01
7.036134126007919098e-01
7.065772784747840207e-01
7.095115056900361816e-01
7.124163906331357765e-01
7.152922267268043699e-01
7.181393044595363317e-01
7.209579114149409218e-01
7.237483323007914970e-01
7.265108489777836187e-01
7.292457404880058336e-01
7.319532830831257941e-01
7.346337502522944929e-01
7.372874127497714980e-01
7.399145386222737431e-01
7.425153932360509801e-01
7.450902393036904492e-01
7.476393369106535403e-01
7.501629435415470004e-01
7.526613141061315737e-01
7.551347009650702935e-01
7.575833539554195362e-01
7.600075204158653897e-01
7.624074452117067802e-01
7.647833707595896868e-01
7.671355370519937766e-01
7.694641816814737911e-01
7.717695398646590155e-01
7.740518444660123842e-01
7.763113260213522215e-01
7.785482127611387249e-01
7.807627306335273021e-01
7.829551033271919813e-01
7.851255522939201148e-01
7.872742967709809303e-01
7.894015538032711499e-01
7.915075382652384528e-01
7.935924628825861138e-01
7.956565382537602593e-01
7.976999728712226290e-01
7.997229731425103960e-01
8.017257434110852676e-01
8.037084859769744183e-01
8.056714011172046996e-01
8.076146871060326804e-01
8.095385402349724036e-01
8.114431548326226373e-01
8.133287232842963954e-01
8.151954360514533926e-01
8.170434816909388775e-01
8.188730468740295088e-01
8.206843164052891604e-01
8.224774732412363232e-01
8.242526985088239888e-01
8.260101715237357922e-01
8.277500698084984121e-01
8.294725691104134491e-01
8.311778434193093368e-01
8.328660649851162834e-01
8.345374043352651316e-01
8.361920302919124692e-01
8.378301099889933212e-01
8.394518088891034235e-01
8.410572908002124093e-01
8.426467178922102397e-01
8.442202507132881006e-01
8.457780482061552085e-01
8.473202677240936342e-01
8.488470650468527001e-01
8.503585943963841709e-01
8.518550084524203481e-01
8.533364583678961779e-01
8.548030937842172605e-01
8.562550628463750924e-01
8.576925122179113181e-01
8.591155870957322138e-01
8.605244312247748439e-01
8.619191869125271133e-01
8.632999950434018244e-01
8.646669950929678494e-01
8.660203251420381942e-01
8.673601218906178412e-01
8.686865206717117038e-01
8.699996554649945812e-01
8.712996589103446654e-01
8.725866623212412687e-01
8.738607956980288805e-01
8.751221877410485517e-01
8.763709658636380517e-01
8.776072562050016845e-01
8.788311836429516521e-01
8.800428718065221867e-01
8.812424430884570059e-01
8.824300186575724236e-01
8.836057184709966705e-01
8.847696612862867571e-01
8.859219646734238784e-01
8.870627450266896918e-01
8.881921175764228016e-01
8.893101964006585591e-01
8.904170944366519569e-01
8.915129234922853918e-01
8.925977942573625201e-01
8.936718163147888694e-01
8.947350981516409840e-01
8.957877471701245486e-01
8.968298696984232654e-01
8.978615710014390405e-01
8.988829552914247012e-01
8.998941257385104642e-01
9.008951844811253773e-01
9.018862326363141779e-01
9.028673703099510117e-01
9.038386966068514550e-01
9.048003096407829515e-01
9.057523065443751076e-01
9.066947834789313987e-01
9.076278356441420669e-01
9.085515572877006507e-01
9.094660417148235920e-01
9.103713812976753639e-01
9.112676674846985625e-01
9.121549908098516291e-01
9.130334409017530906e-01
9.139031064927355397e-01
9.147640754278081321e-01
9.156164346735300441e-01
9.164602703267947792e-01
9.172956676235268780e-01
9.181227109472915870e-01
9.189414838378187067e-01
9.197520689994405085e-01
9.205545483094460524e-01
9.213490028263515708e-01
9.221355127980880306e-01
9.229141576701072047e-01
9.236850160934061416e-01
9.244481659324720324e-01
9.252036842731473643e-01
9.259516474304159139e-01
9.266921309561118036e-01
9.274252096465507300e-01
9.281509575500852538e-01
9.288694479745843724e-01
9.295807534948384854e-01
9.302849459598900861e-01
9.309820965002911786e-01
9.316722755352883079e-01
9.323555527799354259e-01
9.330319972521360361e-01
9.337016772796147279e-01
9.343646605068185451e-01
9.350210139017504085e-01
9.356708037627329277e-01
9.363140957251055996e-01
9.369509547678545047e-01
9.375814452201759464e-01
9.382056307679741414e-01
9.388235744602944077e-01
9.394353387156915147e-01
9.400409853285346395e-01
9.406405754752492632e-01
9.412341697204967828e-01
9.418218280232918405e-01
9.424036097430589232e-01
9.429795736456283439e-01
9.435497779091720494e-01
9.441142801300803633e-01
9.446731373287795552e-01
9.452264059554917885e-01
9.457741418959368929e-01
9.463164004769775151e-01
9.468532364722077599e-01
9.473847041074856534e-01
9.479108570664107614e-01
9.484317484957466293e-01
9.489474310107891553e-01
9.494579567006812271e-01
9.499633771336744026e-01
9.504637433623376319e-01
9.509591059287142434e-01
9.514495148694270821e-01
9.519350197207328002e-01
9.524156695235255210e-01
9.528915128282902103e-01
9.533625977000073082e-01
9.538289717230072906e-01
9.542906820057772688e-01
9.547477751857195161e-01
9.552002974338623664e-01
9.556482944595237061e-01
9.560918115149285024e-01
9.565308933997792584e-01
9.569655844657815047e-01
9.573959286211236597e-01
9.578219693349123709e-01
9.582437496415632250e-01
9.586613121451476038e-01
9.590746990236961311e-01
9.594839520334591532e-01
9.598891125131245872e-01
9.602902213879933591e-01
9.606873191741134299e-01
9.610804459823723001e-01
9.614696415225485460e-01
9.618549451073230561e-01
9.622363956562498544e-01
9.626140316996874002e-01
9.629878913826904752e-01
9.633580124688635449e-01
9.637244323441749305e-01
9.640871880207332323e-01
9.644463161405258944e-01
9.648018529791206888e-01
9.651538344493294508e-01
9.655022961048361774e-01
9.658472731437878211e-01
9.661888004123498908e-01
9.665269124082264129e-01
9.668616432841441455e-01
9.671930268513027062e-01
9.675210965827897303e-01
9.678458856169618318e-01
9.681674267607922602e-01
9.684857524931843598e-01
9.688008949682525017e-01
9.691128860185699301e-01
9.694217571583841897e-01
9.697275395868003578e-01
9.700302641909323009e-01
9.703299615490229568e-01
9.706266619335327528e-01
9.709203953141973820e-01
9.712111913610553815e-01
9.714990794474448466e-01
9.717840886529703903e-01
9.720662477664406831e-01
9.723455852887762374e-01
9.726221294358884384e-01
9.728959081415295973e-01
9.731669490601142503e-01
9.734352795695131455e-01
9.737009267738180318e-01
9.739639175060798015e-01
9.742242783310189891e-01
9.744820355477088469e-01
9.747372151922317762e-01
9.749898430403094451e-01
9.752399446099063729e-01
9.754875451638073125e-01
9.757326697121692094e-01
9.759753430150475140e-01
9.762155895848970699e-01
9.764534336890481336e-01
9.766888993521576356e-01
9.769220103586360171e-01
9.771527902550496414e-01
9.773812623524991139e-01
9.776074497289741760e-01
9.778313752316843965e-01
9.780530614793675470e-01
9.782725308645738860e-01
9.784898055559281271e-01
9.787049075003688703e-01
9.789178584253651616e-01
9.791286798411115155e-01
9.793373930427003993e-01
9.795440191122734008e-01
9.797485789211506368e-01
9.799510931319391771e-01
9.801515822006198198e-01
9.803500663786136604e-01
9.805465657148275671e-01
9.807411000576793381e-01
9.809336890571025425e-01
9.811243521665314882e-01
9.813131086448662055e-01
9.814999775584175579e-01
9.816849777828333679e-01
9.818681280050050031e-01
9.820494467249549775e-01
9.822289522577054566e-01
9.824066627351284442e-01
9.825825961077772064e-01
9.827567701466994876e-01
9.829292024452325194e-01
9.830999104207801542e-01
9.832689113165723471e-01
9.834362222034066514e-01
9.836018599813726171e-01
9.837658413815588698e-01
9.839281829677433144e-01
9.840889011380659079e-01
9.842480121266852233e-01
9.844055320054183600e-01
9.845614766853642008e-01
9.847158619185105710e-01
9.848687032993255208e-01
9.850200162663322878e-01
9.851698161036689383e-01
9.853181179426322434e-01
9.854649367632059009e-01
9.856102873955738808e-01
9.857541845216181153e-01
9.858966426764019797e-01
9.860376762496380065e-01
9.861772994871416120e-01
9.863155264922701670e-01
9.864523712273474132e-01
9.865878475150738902e-01
9.867219690399231524e-01
9.868547493495238854e-01
9.869862018560286998e-01
9.871163398374683817e-01
9.872451764390937079e-01
9.873727246747027175e-01
9.874989974279556604e-01
9.876240074536760671e-01
9.877477673791392743e-01
9.878702897053478482e-01
9.879915868082943531e-01
9.881116709402114617e-01
9.882305542308092994e-01
9.883482486885012408e-01
9.884647662016162739e-01
9.885801185396001500e-01
9.886943173542040997e-01
9.888073741806621131e-01
9.889193004388554531e-01
9.890301074344669541e-01
9.891398063601223312e-01
9.892484082965210535e-01
9.893559242135558929e-01
9.894623649714203717e-01
9.895677413217062179e-01
9.896720639084891635e-01
9.897753432694043063e-01
9.898775898367102588e-01
9.899788139383431940e-01
9.900790257989597887e-01
9.901782355409701752e-01
9.902764531855604568e-01
9.903736886537048978e-01
9.904699517671678999e-01
9.905652522494962087e-01
9.906595997270012388e-01
9.907530037297311853e-01
9.908454736924339201e-01
9.909370189555095632e-01
9.910276487659545053e-01
9.911173722782949946e-01
9.912061985555120636e-01
9.912941365699569074e-01
9.913811952042573816e-01
9.914673832522148400e-01
9.915527094196926461e-01
9.916371823254956919e-01
9.917208105022407016e-01
9.918036023972183202e-01
9.918855663732460970e-01
9.919667107095135883e-01
9.920470436024184657e-01
9.921265731663942988e-01
9.922053074347303436e-01
9.922832543603830047e-01
9.923604218167791924e-01
9.924368175986113538e-01
9.925124494226252869e-01
9.925873249283990729e-01
9.926614516791151255e-01
9.927348371623240242e-01
9.928074887907007984e-01
9.928794139027937726e-01
9.929506197637658627e-01
9.930211135661282107e-01
9.930909024304669375e-01
9.931599934061622337e-01
9.932283934721005680e-01
9.932961095373795679e-01
9.933631484420057944e-01
9.934295169575857454e-01
